eval_loss = 0.01782033004103181
eval_precision = 0.9336659485202404
eval_recall = 0.9555529766740165
eval_f1 = 0.94448267951365
epoch = 3.0
