eval_loss = 0.09663103474983169
eval_precision = 0.8864311654011224
eval_recall = 0.8843873517786561
eval_f1 = 0.8854080791426215
epoch = 3.0
